company,url,prefecture,source
宮﨑建築株式会社,https://www.miyazakikenchiku.com,阿賀野,niigata_r8_pdf
株式会社カネマタ工務店,https://kanematak.com/,魚沼,niigata_r8_pdf
有限会社山良工務店,https://www.yamaryou.jp,魚沼,niigata_r8_pdf
株式会社タカノ建築,https://www.takano-ken.jp,柏崎,niigata_r8_pdf
成真株式会社,https://nalumi.jp/index.html,柏崎,niigata_r8_pdf
まんなみ一級建築設計室,https://www.mannami.net,柏崎,niigata_r8_pdf
株式会社第一建築業,https://www.dai1kenchikugyou.com/,柏崎,niigata_r8_pdf
株式会社番場建築,https://www.daikudon.com,五泉,niigata_r8_pdf
株式会社イイヅカカズキ建築事務所,https://iizukakazuki.net,三条,niigata_r8_pdf
有限会社市川建築店,https://www.ichikawakenchikuten.com/,三条,niigata_r8_pdf
株式会社新創美デザイン事務所,https://www.shin-sobi.co.jp,三条,niigata_r8_pdf
マルモ建設株式会社,https://marumo-kensetsu.com,三条,niigata_r8_pdf
吉田建設株式会社,https://www.yoshiken.ws/,三条,niigata_r8_pdf
株式会社阿部建設,http://www.abekensetu.co.jp,上越,niigata_r8_pdf
中田建設株式会社,https://www.nakada-kk.com/,上越,niigata_r8_pdf
株式会社MATSUI企画設計,https://matsuikikaku.jp/,上越,niigata_r8_pdf
株式会社アフター,https://www.after-1115.com/,十日町,niigata_r8_pdf
株式会社サンウッド新潟,https://sunwood-n.co.jp/,十日町,niigata_r8_pdf
サンライフ株式会社,https://www.e-house.co.jp/thank-life/,十日町,niigata_r8_pdf
有限会社水落住建,https://mizuochi-jyuuken.jp/,十日町,niigata_r8_pdf
株式会社由久,http://www.cozy-h.com/,新潟,niigata_r8_pdf
有限会社リョウ建築事務所,http://www.ryo-kenchiku.jp,新潟,niigata_r8_pdf
富川建設株式会社,https://www.tomikawaken.jp/,見附,niigata_r8_pdf
株式会社ネオハウス,http://www.neohouse.jp,見附,niigata_r8_pdf
株式会社星野工務店,https://hoshinohome.co.jp,見附,niigata_r8_pdf
家'Sハセガワ株式会社,https://www.yeshasegawa.co.jp/,妙高,niigata_r8_pdf
株式会社内山ホーム,https://www.uchiyama-home.com,南魚沼,niigata_r8_pdf
有限会社アベ設計室,https://r.goope.jp/abesekkeisitsu,南魚沼,niigata_r8_pdf
株式会社太陽建設,http://www.skillful.co.jp,新潟,niigata_r8_pdf
株式会社タカハシ建築事務所,http://www.claria.jp,新潟,niigata_r8_pdf
田中洋人建築設計室,http://tanakahiroto.com,新潟,niigata_r8_pdf
ノモトホームズ,https://www.nomoto-homes.co.jp,新潟,niigata_r8_pdf
株式会社島津組,https://shimadugumi.co.jp,新潟,niigata_r8_pdf
有限会社下原建設,https://shimohara.biz,新潟,niigata_r8_pdf
植木不動産株式会社,http://www.uekifudousan.co.jp,柏崎,niigata_r8_pdf
